all:
  hosts:
    rinoa:
      ansible_host: 192.168.1.254
      ansible_python_interpreter: /usr/bin/python3
      ansible_ssh_port: 22
      ansible_ssh_user: charish
      ansible_ssh_private_key_file: !vault |
        $ANSIBLE_VAULT;1.1;AES256
        32666436393736663063623533346438316536333137656164656363633463393264613464303532
        6534636532353537653165386133323039633030333439350a346662336334333364363935353366
        30326137633462623164616534656165656434383231666639383331653437613462623137333439
        3965666230373561660a356239393735376461373363643739666463313238343632633535373464
        64323231616362363562633864666435653666326363643561653366393639363762346137336636
        34313334356235373635336333346365383230633964636232303130636632623665373533636463
        31343966386463313539333230636437396437626639383166653636376561306637333862303137
        39653562376637316237303562613937353232373231313436613061623663663534373666333366
        38303661626664306532326633363436333163613632646236363366373564636635353536636263
        30633831336635303466346136356133646130366230646430616234316563633335303330656535
        35646366363263616165313439333937643165636439366565306466323864613366623831613765
        30623761613930313738313731373563383437623139353532633038303938656137316364343462
        63353937306533303337386662633835323337363733653331643634376334616164373830636134
        63646365326332326534396361363136303933653930626336313938663835653566393231613666
        63646565383636626434353633633930323262336138383061326661363835393037633136656134
        34366432653061663233636262383437366431376435613131343939313163656431393162653166
        39313334303635326563396461346637346132646262633333316366326631613864653533336635
        62653734313335396233323166303464366635663637633238333636646264306563303139316237
        33663639303238343663646439623766346632623732386366363433376664303763323238323539
        65633239646266383563623165656434643638303939316562373064316532633737343436313434
        37393637633766393635336533373232376661636435633435333732613731656330643163653736
        30376634363866343362323864653734333662353938376561653966326537313064363562646566
        65613365343734626364336136613237633638386530363236373464333965633663343533383938
        62653563626166613837643765333834323334323430333639643032383839356536613035373062
        31353965353063656632313634323164393834346230323436363866306331343533336632643064
        31633339363632343662373735613337626534383931366333626166646630366661636363636135
        30383031623131356532356666336533333466386530313666333065636230366161373039303035
        31656461613539333263383635663630376132343036373266383965316539346635323632353934
        66636539366233343034666231346231366336643431646534383532623938303662623465346131
        61393764306131646562353361383063376361616239663065373566383336656530366261373736
        62333865636461363931303465383733386233343934623334303466386134643965343733303532
        37616363313661313432303331633137393736303235383564623863316531336132373661613963
        30623632363438356564386139353534393266653137353239396339646563313863373764623565
        66643964313938383663373036373666623165636534633434346561336337353536653132653262
        37353861333937303661616564303961326634393962353763366362343864306364383933633966
        61616262323535633566346630376234636338346362363565336134343631326566653164633062
        38326562633632373862646138346366656339663130363438346365616337656434646336643536
        36656265366336333662666461333237633863653233343936646662616665613231313432326433
        61636635303236353132633462336431343032313938326234323135336633323263313835316333
        63346330313930343630336364333536333830626137636638623935343732366536363133346264
        66366137353661366462353461636433313038633465376164646430353461653930383564383939
        62323037356235623132393830363861363130386233343733336335323737646134373264366339
        35633139313839666239383963373137656535316637366566313432353935396432316132643934
        37656664646639356335616362346534643534343962306339333533626665663130363462313466
        36613539376138386166653334356534616537363663613838356561386531346630336139303736
        62343033356535353830343263336665653036346463663132323739343932613735386238313833
        34653533656432386634623936386635653562656466306139316665663762396134343237643861
        65653366323263663061393736623761613563396264643733623766303732663634663230383531
        63333262333737366131616361343966633032373065623466383662383230356563313432363265
        34613065306664663661343137616364643339643633623663613436323334626330346365363532
        33643535663937383864336330303933386136653538383537333961326530626439376662646439
        35396136316463663863643532386635616130363835376434323239313231323838326462376166
        31363831383130623463633165356432623136336639396636353035363661323162666235343439
        33313733393264653731303765666265643332396263383138386363393736396265383362623164
        35326435386261316636616465393532336634393664343063346461356366303730396462623236
        36633561626137366332356331313731666539653463616438333261343239643535366165663432
        37306534313765373830336161613162396362373231356666393261653338653630303132656235
        65316361653837643137306132303661666564666364356436393563623733663635356530333963
        63333832313063363439643237643263323239393130663630613762376164616230366236643539
        39646532313430633163323961343466323865666535663962633231353437376134336634323064
        63663236393166313235303430643566613465373166666531363631383532363933326366666535
        35326566316461373861346365386136326336343330613235313833373963653138336231373339
        61653061393939386337646333373533613964363437633431393464653438343537663361633335
        64633964626664323166386437643430346263623234643863613735346261343139356230643035
        31653536393130356138376664303031653662636363376665333163613132346539373134363733
        32656334363436383334663036353264373439396236356231316138646430346365643663373439
        38626462303263343666643233653532343966616438363165623066656431396234643036316334
        63333664353766306334636234376165386462623162386235303563373131636361303361323239
        65346236623236303039646230316439643632323937356333633564663963343138353832373765
        63346334313039326164303261393964633832666161396434323366303964306662313831333232
        33643938386462313236336565336464633432323764353864666565663233386462623062316364
        36393039316638393666336631626339303335636264303539396135343439653734646661323030
        39653961313938316632343666346631613439623938313261343264383463616266333864313337
        62303663386431386539303366353832666364636365366564396335313362303530323735316234
        36393130343065343138363136383961366161313335393366353835653636626163326461376564
        61356662613733343637383866386536333964393561336462346261303062303036623834626666
        61616335663761336461303736383961653962333037333363613431316430666434383639633436
        31303230656230306366303538376539313534306233663766316338316265643939646161303831
        64396132343834666530303335343563393463393662353633663739616539356437333130633934
        65396536363739373036306165306632386634623763626435353163343965383865336666376666
        36366638356139376137613938326138616438323761306537636534393064366365326262626435
        33343032363864373535653430653765393837623362326364623135373363326136306239663665
        62326432333433616636636238353032636533636438386661306561346138623835303438383438
        63656437643335653535393465386433353137653732316430336630633730316133356163333232
        33333339643736373963333838373931303238346333313331383633336339633736653763313562
        33373233313862666439313334353233326563363561363130323839316237346365313638336537
        34636531356532316664353333383730613637323436343838663366366361386666363838643831
        31323864623365616630373737623362373034343638393731626633373638663436303437303133
        31336264333339323833303432363065333630353634303963316439613731383738653932396338
        30353535306364643637313030373264663534616635333638343363656166373731316166343933
        30346465373931316632326561396539613563656538646137373766373438653932343837303832
        65613463323839363063353834313861326561653661353638323131326437376266373862313861
        30343233633636323936323835363565613836626434306261383636323563363635666132386566
        37333438303363343832333837633865396138383934346665613530656339376530356662313864
        63353764336664333161633666373237323532613037643963316238326262613933666562353537
        36393263313039353530353862643032343236323265393433373132306566356166363365373066
        30303833663931393237643539316164386534343535383466306266623934363335663038646634
        36623232336439303662626134346430376365383466633366396634313930373961633632663832
        31376337643863373830303732306163373933353166373839323938363961633538373836383033
        32356239636163353636363037343764326265323233623836353934626435353538313664626462
        35343666393436313761333837353930643832313430643762336662333862636436616661363862
        37646231616234343236333634303363653532663563643137333837393736323137356630346132
        62663634383865353332643163326532336565346466366261653439616232613639343964333339
        32343038383766653935303764323538363966376632396337373036313238333231316164353231
        64343265616261653136333739316162353630363966383330623138336262636430393735363737
        30336237323935303665373136613333303162376339653436333537343435356536613266353539
        39373739653032356135393035343139643961666661393332393966386532623430343935646361
        34633631316532666137393638663032626439623730376364623663626633613333396237653237
        66393263623666303832653264613961646334353561333835393163363238633264623666396431
        30336235636331653838623633366161333061313939656364386464613863366436333664336332
        39663265393163356162303738356463336165613562666339633663323533353665333830666166
        65316335623133353330353766646232663565626266373234383735653830313366616634613632
        65616333643462653464383565636431623963636133653961663861623332303337636433383265
        38356230633262393732616264663933376236363538383636366562323937363137373965393962
        63373939323530376430303536303166313433656637646564316338646636623566613236663665
        37633138316139663632633165386165336431393463396637303037666536616235366130613236
        32626530373038393438656332323163323637333430313737623037656436653638363261613339
        63653939346363363236646336373739656430353437623634613436373161653435323737626463
        32383330303266653630643234386333613130346136346461366363636234613836616235336565
        63653662353166633966663762323836313535636537613030303963313732336134343432363662
        38363562633331326138666462663633333035613563343137393163373337343931313663363538
        32636361656635623838376164303133626164313035636334646133393832633335383064363133
        39356366303538373166623663303261613531666430336562303764616264633362356435396364
        61633234363337376239663930333765393662643938636136663933396133663636303531343533
        38626635633762393137303364643664363163303162653032343230663937623732303064303866
        38306334393364616563346661306635393866383761333337646439306364373165393264313464
        64656433313863303233333561353831353434336334636262363533643732666536653230653861
        39663263656461333033636636356330613361303236383637353238386434323033633463633130
        63626530383730646532626663643866633463306138323333313630313736643937386132333566
        39613162313738356336343134373862303034636163383439316566303531323535616637666339
        36306435343863356334633936366435653864643131636334393938363436393238656165346237
        33616565303561326138653265306233666261643434366538333331366433383539363432396464
        38393761656465353563303533616432386266316131333461346163383063633133383135393433
        6236633730363632613264386330633063323837383739363733